150 2 
   0          4    1  1.186547e+02  9.682935e+01  7.503574e+01 -6.696410e+01 -1.799660e+02  2.594859e+02 
   1         14    1  1.188929e+02  8.617758e+01  8.815108e+01 -1.255577e+02  4.394519e+02  1.213724e+02 
   2         17    1  1.172354e+02  9.624853e+01  8.919704e+01 -3.348205e+02 -1.067240e+03 -4.185256e+00 
   3         18    1  1.180302e+02  9.484978e+01  9.011382e+01  8.663480e+02 -8.496069e+02 -3.055237e+02 
   4         20    1  1.187218e+02  7.360233e+01  8.880880e+01 -1.255577e+01  8.370512e+02  4.185256e+00 
   5         52    1  1.187249e+02  9.777645e+01  7.514215e+01  5.440833e+02  1.506692e+02 -1.715955e+02 
   6         65    1  1.134287e+02  1.189922e+02  1.022411e+02 -3.180794e+02 -1.674102e+01 -2.301891e+02 
   7         66    1  1.185161e+02  9.619761e+01  8.937818e+01  6.403442e+02 -3.097090e+02  4.478224e+02 
   8         68    1  1.176605e+02  8.633160e+01  6.362361e+01  3.975993e+02  2.971532e+02  2.134481e+02 
   9         97    1  1.199679e+02  9.579781e+01  8.940347e+01 -1.422987e+02 -1.004461e+02 -4.017846e+02 
  10        101    1  1.192282e+02  9.869289e+01  6.081515e+01 -2.929679e+01 -1.757807e+02  2.469301e+02 
  11        125    1  1.184599e+02  9.611213e+01  8.885468e+01 -1.255577e+01  1.573656e+03 -1.255577e+03 
  12        129    1  1.166367e+02  6.713556e+01  1.048988e+02  4.185256e+01  5.315275e+02  1.757807e+02 
  13        130    1  1.173268e+02  7.978863e+01  1.160691e+02 -2.929679e+01  6.277884e+02 -5.022307e+01 
  14        144    1  1.112886e+02  1.172860e+02  1.045253e+02 -4.687487e+02  3.515615e+02 -2.678564e+02 
  15        163    1  1.173205e+02  9.515061e+01  9.068263e+01 -4.185256e+00 -1.686658e+03  2.887827e+02 
  16        167    1  1.182549e+02  9.704024e+01  8.898605e+01  6.319736e+02 -1.226280e+03 -1.381134e+02 
  17        168    1  1.191941e+02  9.771764e+01  7.507841e+01  7.073082e+02  3.892288e+02  7.784576e+02 
  18        194    1  1.184495e+02  6.762164e+01  1.070034e+02  4.185256e+00  5.273422e+02  1.255577e+02 
  19        252    1  1.154233e+02  1.109899e+02  9.403119e+01 -2.469301e+02 -2.804121e+02 -4.227108e+02 
  20        262    1  1.188935e+02  9.725570e+01  8.060872e+01  5.482686e+02  2.343743e+02  5.273422e+02 
  21        264    1  1.181362e+02  8.785266e+01  7.451567e+01 -6.696410e+01  4.185256e+02  3.431910e+02 
  22        265    1  1.184525e+02  8.250109e+01  9.069431e+01  1.046314e+02  1.159316e+03 -3.138942e+02 
  23        266    1  1.136109e+02  1.124919e+02  9.163728e+01 -4.603782e+01 -3.766730e+02 -1.004461e+02 
  24        267    1  1.190641e+02  9.787691e+01  7.493343e+01 -5.859358e+01  4.478224e+02  1.301615e+03 
  25        290    1  1.190335e+02  8.215095e+01  8.198652e+01 -6.696410e+01  5.733801e+02  4.813044e+02 
  26        299    1  1.169768e+02  1.147560e+02  9.655656e+01 -7.951986e+01 -2.553006e+02 -4.394519e+02 
  27        322    1  1.167480e+02  8.920425e+01  8.838908e+01 -2.092628e+01  1.205354e+03 -1.255577e+01 
  28        354    1  1.157526e+02  1.062607e+02  9.529822e+01 -2.134481e+02 -3.097090e+02 -6.445294e+02 
  29        365    1  1.191780e+02  9.793562e+01  7.499728e+01 -2.636711e+02 -3.431910e+02  1.238836e+03 
  30        380    1  1.189965e+02  8.600308e+01  8.846438e+01  1.967070e+02  1.209539e+03  2.511154e+01 
  31        389    1  1.193035e+02  8.582710e+01  8.882299e+01  3.515615e+02  8.370512e+02 -2.887827e+02 
  32        400    1  1.187917e+02  6.122731e+01  6.136496e+01 -2.511154e+01  3.515615e+02 -4.603782e+01 
  33        423    1  1.167940e+02  9.134505e+01  8.844093e+01 -1.046314e+02  3.306352e+02  8.496069e+02 
  34        443    1  1.189460e+02  9.369443e+01  7.315858e+01  0.000000e+00  4.854897e+02  6.026769e+02 
  35        445    1  1.171399e+02  9.609782e+01  8.981540e+01 -3.138942e+02 -6.194179e+02 -8.370512e+00 
  36        472    1  1.186381e+02  8.542386e+01  8.912794e+01  7.198640e+02  1.075611e+03  3.097090e+02 
  37        506    1  1.186910e+02  9.632725e+01  8.908834e+01  1.297429e+03 -8.872742e+02 -2.301891e+02 
  38        516    1  1.191311e+02  9.545944e+01  8.914853e+01  1.590397e+02  8.244954e+02  6.612704e+02 
  39        518    1  1.192077e+02  9.816023e+01  6.485231e+01 -3.348205e+01  5.022307e+01  3.431910e+02 
  40        548    1  1.188764e+02  9.573556e+01  8.980545e+01  7.617166e+02 -4.771192e+02 -4.603782e+01 
  41        550    1  1.143265e+02  1.128651e+02  9.169839e+01 -4.310814e+02 -3.264500e+02 -2.553006e+02 
  42        552    1  1.183846e+02  9.783218e+01  7.614429e+01  2.720416e+02  4.436371e+02  1.799660e+02 
  43        575    1  1.187853e+02  8.534056e+01  8.894085e+01  1.967070e+02  8.705333e+02  1.255577e+02 
  44        581    1  1.186235e+02  9.960268e+01  6.016040e+01 -5.859358e+01 -1.967070e+02  2.385596e+02 
  45        586    1  1.180539e+02  8.802373e+01  6.974641e+01  3.348205e+02  1.925218e+02  1.841513e+02 
  46        587    1  1.191944e+02  9.775311e+01  7.519833e+01  3.348205e+01 -3.348205e+01  5.817505e+02 
  47        609    1  1.178321e+02  8.275134e+01  9.008820e+01  2.511154e+01  1.063055e+03 -3.097090e+02 
  48        611    1  1.176680e+02  8.044463e+01  1.134387e+02  2.092628e+01  6.989377e+02  5.440833e+01 
  49        615    1  1.156024e+02  9.041877e+01  7.802819e+01  0.000000e+00  2.134481e+02  3.934141e+02 
  50        623    1  1.192818e+02  7.479922e+01  8.186385e+01  8.370512e+00  7.198640e+02  1.297429e+02 
  51        625    1  1.162338e+02  1.044601e+02  9.403210e+01 -1.632250e+02 -3.766730e+02 -7.156788e+02 
  52        634    1  1.175713e+02  7.083505e+01  7.884233e+01 -3.348205e+01  7.533461e+02  1.255577e+02 
  53        642    1  1.168297e+02  1.019869e+02  9.219248e+01 -1.339282e+02 -5.398980e+02 -8.119396e+02 
  54        649    1  1.169442e+02  7.289346e+01  6.265397e+01  1.255577e+02  5.524538e+02 -2.636711e+02 
  55        656    1  1.153533e+02  1.104064e+02  9.428670e+01 -2.050775e+02 -2.343743e+02 -5.482686e+02 
  56        658    1  1.182076e+02  8.461236e+01  6.290593e+01 -5.440833e+01  4.394519e+02  2.050775e+02 
  57        659    1  1.182538e+02  8.572308e+01  8.782417e+01 -3.892288e+02  4.143403e+02  2.845974e+02 
  58        671    1  1.180649e+02  8.808712e+01  6.964056e+01  2.469301e+02  1.841513e+02  3.348205e+02 
  59        673    1  1.175119e+02  9.763204e+01  8.850168e+01  2.134481e+02  5.440833e+01 -5.189717e+02 
  60        688    1  1.146080e+02  6.203630e+01  1.143087e+02 -2.678564e+02  4.561929e+02  9.626089e+01 
  61        692    1  1.190574e+02  9.874564e+01  7.537146e+01  1.632250e+02 -3.766730e+01  3.641173e+02 
  62        710    1  1.176502e+02  9.518562e+01  9.008968e+01  8.663480e+02 -9.960909e+02 -2.929679e+01 
  63        719    1  1.175653e+02  9.803814e+01  7.502509e+01  1.381134e+02 -2.469301e+02  6.110474e+02 
  64        746    1  1.183774e+02  7.279780e+01  7.806275e+01 -7.114935e+01  6.319736e+02  1.088167e+02 
  65        769    1  1.180128e+02  8.817294e+01  6.963793e+01  4.185256e+00  3.808583e+02 -8.370512e+00 
  66        776    1  1.184855e+02  9.570248e+01  8.948723e+01  2.343743e+02  7.784576e+02 -1.799660e+02 
  67        780    1  1.189714e+02  9.751773e+01  8.733900e+01 -1.925218e+02 -4.185256e+02  1.464840e+03 
  68        782    1  1.186096e+02  9.750046e+01  8.487279e+01  6.696410e+01  3.892288e+02  1.029573e+03 
  69        785    1  1.198100e+02  8.314645e+01  1.128239e+02  5.106012e+02  8.621627e+02 -1.590397e+02 
  70        792    1  1.191140e+02  6.521619e+01  9.291920e+01 -3.766730e+01  5.524538e+02  7.114935e+01 
  71        798    1  1.175468e+02  8.034428e+01  1.159560e+02 -5.022307e+01  6.738262e+02  3.348205e+01 
  72        800    1  1.177981e+02  9.632542e+01  9.083939e+01 -1.548545e+02 -1.130019e+02 -2.385596e+02 
  73        803    1  1.123475e+02  1.190548e+02  1.052918e+02 -3.599320e+02  1.046314e+02 -6.528999e+02 
  74        808    1  1.186099e+02  9.571095e+01  8.995214e+01  2.469301e+02 -7.742723e+02  3.683025e+02 
  75        810    1  1.189451e+02  9.818003e+01  7.791777e+01  2.092628e+02  1.130019e+02  3.348205e+02 
  76        811    1  1.176136e+02  7.217452e+01  6.179234e+01  1.841513e+02  1.381134e+02  3.766730e+01 
  77        827    1  1.186218e+02  9.561850e+01  8.919979e+01  1.406246e+03 -1.088167e+02 -8.621627e+02 
  78        911    1  1.194761e+02  7.522968e+01  6.591350e+01  8.370512e+00  3.934141e+02  1.590397e+02 
  79        933    1  1.143793e+02  1.128168e+02  9.140764e+01 -2.678564e+02 -4.813044e+02  1.548545e+02 
  80        966    1  1.179650e+02  7.123486e+01  7.991976e+01 -1.674102e+01  8.161249e+02  1.088167e+02 
  81        969    1  1.173571e+02  6.950612e+01  7.255018e+01  6.696410e+01  5.691948e+02  1.422987e+02 
  82        973    1  1.174032e+02  9.279974e+01  7.633870e+01 -1.632250e+02  4.687487e+02  6.696409e+02 
  83        976    1  1.185874e+02  9.679662e+01  7.447802e+01  2.511154e+01  1.632250e+02  8.370512e+02 
  84        977    1  1.194564e+02  9.587950e+01  8.872081e+01  5.398980e+02  1.125834e+03 -8.621627e+02 
  85        990    1  1.179450e+02  9.671378e+01  9.051958e+01 -3.892288e+02 -1.510877e+03  1.113278e+03 
  86       1012    1  1.135406e+02  1.172437e+02  1.013717e+02 -3.138942e+02 -1.255577e+01 -3.138942e+02 
  87       1030    1  1.184760e+02  9.715169e+01  8.868785e+01  3.264500e+02  8.579775e+02  6.947525e+02 
  88       1045    1  1.186973e+02  8.594793e+01  8.838657e+01 -6.654557e+02 -3.097090e+02  5.608243e+02 
  89       1046    1  1.193370e+02  7.280066e+01  7.788413e+01  8.370512e+00  7.073082e+02  1.381134e+02 
  90       1065    1  1.196425e+02  8.399320e+01  8.784225e+01 -3.934141e+02  1.196983e+03  3.892288e+02 
  91       1072    1  1.197051e+02  9.524284e+01  9.198777e+01  3.013384e+02  5.943063e+02 -2.092628e+02 
  92       1075    1  1.182085e+02  1.032939e+02  9.144975e+01  8.370512e+00 -5.608243e+02 -7.156788e+02 
  93       1079    1  1.177587e+02  8.808975e+01  7.294312e+01  0.000000e+00  2.636711e+02  5.273422e+02 
  94       1119    1  1.192346e+02  9.799695e+01  7.508791e+01  7.951986e+01  3.766730e+01  5.859359e+02 
  95       1123    1  1.186594e+02  9.575134e+01  8.955245e+01 -1.088167e+02  2.762269e+02  1.381134e+02 
  96       1130    1  1.195962e+02  9.494750e+01  9.187254e+01  4.352666e+02  4.938602e+02 -1.674102e+02 
  97       1140    1  1.184826e+02  9.789946e+01  6.084536e+01 -2.929679e+01 -4.185256e+01  2.092628e+02 
  98       1166    1  1.192766e+02  9.355392e+01  7.271781e+01  3.348205e+01  2.929679e+02  4.938602e+02 
  99       1167    1  1.159782e+02  9.508001e+01  9.910024e+01  8.789037e+01 -3.431910e+02 -9.207563e+02 
 100       1170    1  1.198429e+02  9.139196e+01  9.263428e+01  9.793499e+02  1.757807e+02  3.348205e+01 
 101       1189    1  1.138670e+02  1.004910e+02  1.084098e+02 -2.385596e+02 -1.548545e+02 -4.436371e+02 
 102       1192    1  1.185106e+02  9.634853e+01  8.926204e+01  1.464840e+02 -2.553006e+02  4.185256e+01 
 103       1196    1  1.167057e+02  1.148065e+02  9.644705e+01 -7.114935e+01 -2.301891e+02 -4.729339e+02 
 104       1211    1  1.176086e+02  7.244582e+01  6.178101e+01 -2.553006e+02  7.951986e+01  5.984916e+02 
 105       1219    1  1.190561e+02  9.744565e+01  8.899703e+01  8.370512e+00 -6.403442e+02  6.445294e+02 
 106       1227    1  1.180106e+02  9.306075e+01  9.516240e+01 -7.198640e+02  8.496069e+02 -2.636711e+02 
 107       1229    1  1.198591e+02  8.696918e+01  1.063290e+02  1.590397e+02 -4.813044e+02 -6.277884e+02 
 108       1268    1  1.111415e+02  1.173124e+02  1.044813e+02 -5.440833e+02 -2.929679e+01 -5.691948e+02 
 109       1270    1  1.160054e+02  1.035076e+02  8.943253e+01 -7.951986e+01 -6.738262e+02 -5.064160e+02 
 110       1288    1  1.134660e+02  9.949387e+01  1.105549e+02 -2.678564e+02 -1.548545e+02 -3.390057e+02 
 111       1304    1  1.169504e+02  9.944215e+01  8.771512e+01  7.533461e+01 -1.251391e+03 -2.804121e+02 
 112       1328    1  1.193317e+02  8.403210e+01  8.803117e+01 -3.306352e+02  6.236031e+02  4.896750e+02 
 113       1345    1  1.193213e+02  7.511411e+01  6.595675e+01 -5.859358e+01  4.561929e+02  1.464840e+02 
 114       1347    1  1.190140e+02  9.810897e+01  7.552570e+01 -2.511154e+01  4.059698e+02  8.203102e+02 
 115       1384    1  1.176973e+02  9.058125e+01  9.091812e+01  5.440833e+02  7.742723e+02  1.841513e+02 
 116       1390    1  1.185905e+02  9.616854e+01  8.931445e+01  1.046314e+03 -6.863820e+02  1.397875e+03 
 117       1407    1  1.184929e+02  6.907565e+01  7.582756e+01  0.000000e+00  6.654557e+02  3.348205e+01 
 118       1408    1  1.187391e+02  8.620448e+01  8.846278e+01  1.339282e+02 -1.632250e+02 -2.553006e+02 
 119       1418    1  1.183380e+02  9.604301e+01  8.833588e+01  1.933588e+03 -6.612704e+02 -1.050499e+03 
 120       1420    1  1.199656e+02  1.104009e+02  8.847765e+01  3.348205e+01 -5.231570e+02 -1.548545e+02 
 121       1422    1  1.172556e+02  6.054041e+01  7.731841e+01 -7.951986e+01  4.101551e+02  5.859358e+01 
 122       1450    1  1.199060e+02  9.032460e+01  9.519329e+01 -2.050775e+02  5.691948e+02 -4.310814e+02 
 123       1474    1  1.189342e+02  7.042976e+01  9.607609e+01 -4.185256e+01  6.738262e+02 -3.766730e+01 
 124       1476    1  1.163750e+02  9.104800e+01  7.756419e+01  1.674102e+01  3.683025e+02  2.343743e+02 
 125       1489    1  1.178290e+02  9.629453e+01  8.972226e+01  1.397875e+03 -1.037943e+03 -1.008647e+03 
 126       1500    1  1.168693e+02  9.158511e+01  7.693760e+01 -1.422987e+02  5.231570e+02  4.352666e+02 
 127       1505    1  1.187167e+02  6.969743e+01  1.049909e+02 -8.370512e+00  5.650096e+02  1.548545e+02 
 128       1507    1  1.173441e+02  9.226320e+01  1.038158e+02  3.766730e+01 -3.013384e+02 -6.319736e+02 
 129       1516    1  1.193327e+02  9.846323e+01  6.043297e+01 -5.022307e+01  9.207563e+01  3.055237e+02 
 130       1517    1  1.185632e+02  8.542386e+01  8.909280e+01  7.324198e+02  1.146760e+03  5.943063e+02 
 131       1519    1  1.199368e+02  9.475310e+01  9.166704e+01  4.185256e+00  5.273422e+02 -5.859359e+02 
 132       1565    1  1.192149e+02  7.671138e+01  9.214729e+01 -2.511154e+01  9.165710e+02  1.674102e+01 
 133       1570    1  1.177490e+02  8.624326e+01  7.699321e+01 -2.092628e+02  6.738262e+02  3.013384e+02 
 134       1594    1  1.187169e+02  9.578316e+01  8.919727e+01 -1.243021e+03  1.314170e+03  9.082006e+02 
 135       1600    1  1.185664e+02  9.114079e+01  9.445410e+01 -3.264500e+02  5.315275e+02 -6.989377e+02 
 136       1606    1  1.185295e+02  9.075243e+01  1.058366e+02  4.185256e+01 -3.683025e+02 -5.775653e+02 
 137       1626    1  1.182475e+02  9.662899e+01  8.912965e+01  1.238836e+03 -7.951986e+01  7.031230e+02 
 138       1632    1  1.186080e+02  7.403771e+01  9.188570e+01 -1.255577e+01  8.454217e+02  2.511154e+01 
 139       1636    1  1.197525e+02  8.988303e+01  9.140043e+01 -5.231570e+02  8.370512e+01  2.343743e+02 
 140       1676    1  1.182124e+02  8.520462e+01  8.626134e+01 -4.603782e+01  9.877204e+02 -2.092628e+01 
 141       1683    1  1.199270e+02  7.140730e+01  8.245955e+01  5.022307e+01  6.194179e+02  5.022307e+01 
 142       1714    1  1.162248e+02  9.477072e+01  9.861221e+01  2.008923e+02 -2.678564e+02 -6.780115e+02 
 143       1730    1  1.182044e+02  8.529983e+01  8.876246e+01  5.817505e+02  1.150945e+03  2.092628e+02 
 144       1734    1  1.178687e+02  9.313386e+01  7.699012e+01  1.088167e+02  3.180794e+02  4.143403e+02 
 145       1742    1  1.188851e+02  9.346752e+01  7.273383e+01 -6.277884e+01  3.934141e+02  4.561929e+02 
 146       1747    1  1.195531e+02  7.967947e+01  1.050752e+02  3.766730e+01  6.277884e+02 -9.626089e+01 
 147       1753    1  1.164525e+02  9.881052e+01  9.057141e+01  3.892288e+02 -7.826429e+02 -1.159316e+03 
 148       1762    1  1.183617e+02  9.812190e+01  6.643059e+01  1.255577e+01 -1.255577e+02  4.059698e+02 
 149       1770    1  1.111021e+02  1.173381e+02  1.044523e+02 -2.553006e+02  3.766730e+01 -2.469301e+02 
