54 35 
   0          4    1  1.186547e+02  9.682935e+01  7.503574e+01 -6.696410e+01 -1.799660e+02  2.594859e+02 
   1         14    2  1.188929e+02  8.617758e+01  8.815108e+01 -1.255577e+02  4.394519e+02  1.213724e+02 
   2         17    3  1.172354e+02  9.624853e+01  8.919704e+01 -3.348205e+02 -1.067240e+03 -4.185256e+00 
   3         18    4  1.180302e+02  9.484978e+01  9.011382e+01  8.663480e+02 -8.496069e+02 -3.055237e+02 
   4         20    5  1.187218e+02  7.360233e+01  8.880880e+01 -1.255577e+01  8.370512e+02  4.185256e+00 
   5         52    1  1.187249e+02  9.777645e+01  7.514215e+01  5.440833e+02  1.506692e+02 -1.715955e+02 
   6         65    6  1.134287e+02  1.189922e+02  1.022411e+02 -3.180794e+02 -1.674102e+01 -2.301891e+02 
   7         66    7  1.185161e+02  9.619761e+01  8.937818e+01  6.403442e+02 -3.097090e+02  4.478224e+02 
   8         68    8  1.176605e+02  8.633160e+01  6.362361e+01  3.975993e+02  2.971532e+02  2.134481e+02 
   9         97    7  1.199679e+02  9.579781e+01  8.940347e+01 -1.422987e+02 -1.004461e+02 -4.017846e+02 
  10        101    9  1.192282e+02  9.869289e+01  6.081515e+01 -2.929679e+01 -1.757807e+02  2.469301e+02 
  11        125    7  1.184599e+02  9.611213e+01  8.885468e+01 -1.255577e+01  1.573656e+03 -1.255577e+03 
  12        129   10  1.166367e+02  6.713556e+01  1.048988e+02  4.185256e+01  5.315275e+02  1.757807e+02 
  13        130   11  1.173268e+02  7.978863e+01  1.160691e+02 -2.929679e+01  6.277884e+02 -5.022307e+01 
  14        144   12  1.112886e+02  1.172860e+02  1.045253e+02 -4.687487e+02  3.515615e+02 -2.678564e+02 
  15        163    4  1.173205e+02  9.515061e+01  9.068263e+01 -4.185256e+00 -1.686658e+03  2.887827e+02 
  16        167    7  1.182549e+02  9.704024e+01  8.898605e+01  6.319736e+02 -1.226280e+03 -1.381134e+02 
  17        168    1  1.191941e+02  9.771764e+01  7.507841e+01  7.073082e+02  3.892288e+02  7.784576e+02 
  18        194   13  1.184495e+02  6.762164e+01  1.070034e+02  4.185256e+00  5.273422e+02  1.255577e+02 
  19        252   14  1.154233e+02  1.109899e+02  9.403119e+01 -2.469301e+02 -2.804121e+02 -4.227108e+02 
  20        262   15  1.188935e+02  9.725570e+01  8.060872e+01  5.482686e+02  2.343743e+02  5.273422e+02 
  21        264   16  1.181362e+02  8.785266e+01  7.451567e+01 -6.696410e+01  4.185256e+02  3.431910e+02 
  22        265   17  1.184525e+02  8.250109e+01  9.069431e+01  1.046314e+02  1.159316e+03 -3.138942e+02 
  23        266   18  1.136109e+02  1.124919e+02  9.163728e+01 -4.603782e+01 -3.766730e+02 -1.004461e+02 
  24        267    1  1.190641e+02  9.787691e+01  7.493343e+01 -5.859358e+01  4.478224e+02  1.301615e+03 
  25        290   19  1.190335e+02  8.215095e+01  8.198652e+01 -6.696410e+01  5.733801e+02  4.813044e+02 
  26        299   20  1.169768e+02  1.147560e+02  9.655656e+01 -7.951986e+01 -2.553006e+02 -4.394519e+02 
  27        322   21  1.167480e+02  8.920425e+01  8.838908e+01 -2.092628e+01  1.205354e+03 -1.255577e+01 
  28        354   22  1.157526e+02  1.062607e+02  9.529822e+01 -2.134481e+02 -3.097090e+02 -6.445294e+02 
  29        365    1  1.191780e+02  9.793562e+01  7.499728e+01 -2.636711e+02 -3.431910e+02  1.238836e+03 
  30        380    2  1.189965e+02  8.600308e+01  8.846438e+01  1.967070e+02  1.209539e+03  2.511154e+01 
  31        389    2  1.193035e+02  8.582710e+01  8.882299e+01  3.515615e+02  8.370512e+02 -2.887827e+02 
  32        400   23  1.187917e+02  6.122731e+01  6.136496e+01 -2.511154e+01  3.515615e+02 -4.603782e+01 
  33        423   24  1.167940e+02  9.134505e+01  8.844093e+01 -1.046314e+02  3.306352e+02  8.496069e+02 
  34        443   25  1.189460e+02  9.369443e+01  7.315858e+01  0.000000e+00  4.854897e+02  6.026769e+02 
  35        445    3  1.171399e+02  9.609782e+01  8.981540e+01 -3.138942e+02 -6.194179e+02 -8.370512e+00 
  36        472    2  1.186381e+02  8.542386e+01  8.912794e+01  7.198640e+02  1.075611e+03  3.097090e+02 
  37        506    7  1.186910e+02  9.632725e+01  8.908834e+01  1.297429e+03 -8.872742e+02 -2.301891e+02 
  38        516    7  1.191311e+02  9.545944e+01  8.914853e+01  1.590397e+02  8.244954e+02  6.612704e+02 
  39        518   26  1.192077e+02  9.816023e+01  6.485231e+01 -3.348205e+01  5.022307e+01  3.431910e+02 
  40        548    7  1.188764e+02  9.573556e+01  8.980545e+01  7.617166e+02 -4.771192e+02 -4.603782e+01 
  41        550   18  1.143265e+02  1.128651e+02  9.169839e+01 -4.310814e+02 -3.264500e+02 -2.553006e+02 
  42        552   27  1.183846e+02  9.783218e+01  7.614429e+01  2.720416e+02  4.436371e+02  1.799660e+02 
  43        575    2  1.187853e+02  8.534056e+01  8.894085e+01  1.967070e+02  8.705333e+02  1.255577e+02 
  44        581   28  1.186235e+02  9.960268e+01  6.016040e+01 -5.859358e+01 -1.967070e+02  2.385596e+02 
  45        586   29  1.180539e+02  8.802373e+01  6.974641e+01  3.348205e+02  1.925218e+02  1.841513e+02 
  46        587    1  1.191944e+02  9.775311e+01  7.519833e+01  3.348205e+01 -3.348205e+01  5.817505e+02 
  47        609   17  1.178321e+02  8.275134e+01  9.008820e+01  2.511154e+01  1.063055e+03 -3.097090e+02 
  48        611   30  1.176680e+02  8.044463e+01  1.134387e+02  2.092628e+01  6.989377e+02  5.440833e+01 
  49        615   31  1.156024e+02  9.041877e+01  7.802819e+01  0.000000e+00  2.134481e+02  3.934141e+02 
  50        623   32  1.192818e+02  7.479922e+01  8.186385e+01  8.370512e+00  7.198640e+02  1.297429e+02 
  51        625   33  1.162338e+02  1.044601e+02  9.403210e+01 -1.632250e+02 -3.766730e+02 -7.156788e+02 
  52        634   34  1.175713e+02  7.083505e+01  7.884233e+01 -3.348205e+01  7.533461e+02  1.255577e+02 
  53        642   35  1.168297e+02  1.019869e+02  9.219248e+01 -1.339282e+02 -5.398980e+02 -8.119396e+02 
