100    
       1     118.654663     96.829346     75.035736    -66.964096   -179.966003    259.485870        4
       1     118.892891     86.177582     88.151085   -125.557678    439.451874    121.372421       14
       1     117.235443     96.248528     89.197044   -334.820465  -1067.240234     -4.185256       17
       1     118.030243     94.849785     90.113823    866.347961   -849.606934   -305.523682       18
       1     118.721825     73.602325     88.808800    -12.555768    837.051208      4.185256       20
       1     118.724915     97.776451     75.142151    544.083252    150.669220   -171.595490       52
       1     113.428726    118.992218    102.241112   -318.079437    -16.741024   -230.189072       65
       1     118.516090     96.197609     89.378181    640.344177   -309.708954    447.822388       66
       1     117.660530     86.331604     63.623611    397.599304    297.153168    213.448059       68
       1     119.967926     95.797806     89.403473   -142.298706   -100.446144   -401.784576       97
       1     119.228165     98.692886     60.815147    -29.296791   -175.780746    246.930099      101
       1     118.459908     96.112129     88.854683    -12.555768   1573.656250  -1255.576782      125
       1     116.636650     67.135559    104.898758     41.852558    531.527527    175.780746      129
       1     117.326752     79.788628    116.069099    -29.296791    627.788391    -50.223072      130
       1     111.288628    117.286018    104.525269   -468.748657    351.561493   -267.856384      144
       1     117.320457     95.150612     90.682632     -4.185256  -1686.658203    288.782654      163
       1     118.254860     97.040237     88.986046    631.973633  -1226.280029   -138.113449      167
       1     119.194061     97.717636     75.078415    707.308228    389.228790    778.457581      168
       1     118.449493     67.621643    107.003387      4.185256    527.342224    125.557678      194
       1     115.423279    110.989861     94.031189   -246.930099   -280.412140   -422.710846      252
       1     118.893463     97.255699     80.608719    548.268555    234.374329    527.342224      262
       1     118.136200     87.852661     74.515671    -66.964096    418.525604    343.190979      264
       1     118.452469     82.501091     90.694305    104.631401   1159.315918   -313.894196      265
       1     113.610893    112.491928     91.637283    -46.037815   -376.673035   -100.446144      266
       1     119.064072     97.876915     74.933434    -58.593582    447.822388   1301.614624      267
       1     119.033524     82.150948     81.986519    -66.964096    573.380066    481.304443      290
       1     116.976837    114.755951     96.556557    -79.519859   -255.300613   -439.451874      299
       1     116.747986     89.204254     88.389084    -20.926279   1205.353760    -12.555768      322
       1     115.752602    106.260651     95.298218   -213.448059   -309.708954   -644.529419      354
       1     119.178040     97.935616     74.997284   -263.671112   -343.190979   1238.835815      365
       1     118.996452     86.003082     88.464378    196.707031   1209.538940     25.111536      380
       1     119.303452     85.827095     88.822990    351.561493    837.051208   -288.782654      389
       1     118.791740     61.227310     61.364964    -25.111536    351.561493    -46.037815      400
       1     116.793983     91.345047     88.440926   -104.631401    330.635223    849.606934      423
       1     118.945984     93.694427     73.158585      0.000000    485.489685    602.676880      443
       1     117.139893     96.097824     89.815399   -313.894196   -619.417908     -8.370512      445
       1     118.638069     85.423859     89.127937    719.864014   1075.610840    309.708954      472
       1     118.691048     96.327248     89.088341   1297.429321   -887.274231   -230.189072      506
       1     119.131126     95.459442     89.148529    159.039719    824.495422    661.270447      516
       1     119.207680     98.160233     64.852310    -33.482048     50.223072    343.190979      518
       1     118.876419     95.735558     89.805450    761.716553   -477.119171    -46.037815      548
       1     114.326515    112.865067     91.698387   -431.081360   -326.449951   -255.300613      550
       1     118.384613     97.832176     76.144287    272.041626    443.637115    179.966003      552
       1     118.785332     85.340561     88.940849    196.707031    870.533264    125.557678      575
       1     118.623535     99.602684     60.160404    -58.593582   -196.707031    238.559586      581
       1     118.053925     88.023727     69.746407    334.820465    192.521774    184.151260      586
       1     119.194405     97.753105     75.198334     33.482048    -33.482048    581.750549      587
       1     117.832054     82.751335     90.088196     25.111536   1063.055054   -309.708954      609
       1     117.667969     80.444633    113.438683     20.926279    698.937744     54.408329      611
       1     115.602356     90.418770     78.028191      0.000000    213.448059    393.414062      615
       1     119.281830     74.799217     81.863853      8.370512    719.864014    129.742935      623
       1     116.233757    104.460052     94.032097   -163.224976   -376.673035   -715.678772      625
       1     117.571281     70.835052     78.842331    -33.482048    753.346069    125.557678      634
       1     116.829689    101.986855     92.192482   -133.928192   -539.898010   -811.939636      642
       1     116.944229     72.893456     62.653969    125.557678    552.453796   -263.671112      649
       1     115.353256    110.406403     94.286697   -205.077545   -234.374329   -548.268555      656
       1     118.207596     84.612358     62.905933    -54.408329    439.451874    205.077545      658
       1     118.253830     85.723083     87.824165   -389.228790    414.340332    284.597412      659
       1     118.064911     88.087120     69.640564    246.930099    184.151260    334.820465      671
       1     117.511894     97.632042     88.501678    213.448059     54.408329   -518.971741      673
       1     114.608002     62.036297    114.308662   -267.856384    456.192902     96.260887      688
       1     119.057442     98.745636     75.371460    163.224976    -37.667305    364.117279      692
       1     117.650230     95.185623     90.089684    866.347961   -996.090942    -29.296791      710
       1     117.565331     98.038139     75.025093    138.113449   -246.930099    611.047363      719
       1     118.377403     72.797798     78.062752    -71.149353    631.973633    108.816658      746
       1     118.012848     88.172935     69.637932      4.185256    380.858276     -8.370512      769
       1     118.485542     95.702484     89.487228    234.374329    778.457581   -179.966003      776
       1     118.971390     97.517731     87.339005   -192.521774   -418.525604   1464.839600      780
       1     118.609573     97.500458     84.872787     66.964096    389.228790   1029.572998      782
       1     119.810013     83.146446    112.823875    510.601227    862.162720   -159.039719      785
       1     119.113968     65.216187     92.919197    -37.667305    552.453796     71.149353      792
       1     117.546791     80.344284    115.956047    -50.223072    673.826233     33.482048      798
       1     117.798073     96.325417     90.839394   -154.854477   -113.001907   -238.559586      800
       1     112.347519    119.054810    105.291809   -359.932007    104.631401   -652.899902      803
       1     118.609917     95.710953     89.952141    246.930099   -774.272339    368.302521      808
       1     118.945076     98.180031     77.917770    209.262802    113.001907    334.820465      810
       1     117.613617     72.174522     61.792343    184.151260    138.113449     37.667305      811
       1     118.621819     95.618500     89.199791   1406.245972   -108.816658   -862.162720      827
       1     119.476120     75.229683     65.913498      8.370512    393.414062    159.039719      911
       1     114.379265    112.816780     91.407639   -267.856384   -481.304443    154.854477      933
       1     117.965019     71.234856     79.919762    -16.741024    816.124939    108.816658      966
       1     117.357071     69.506119     72.550179     66.964096    569.194824    142.298706      969
       1     117.403191     92.799736     76.338699   -163.224976    468.748657    669.640930      973
       1     118.587379     96.796623     74.478020     25.111536    163.224976    837.051208      976
       1     119.456444     95.879501     88.720810    539.898010   1125.833862   -862.162720      977
       1     117.944992     96.713776     90.519577   -389.228790  -1510.877441   1113.278076      990
       1     113.540634    117.243675    101.371704   -313.894196    -12.555768   -313.894196     1012
       1     118.476044     97.151688     88.687851    326.449951    857.977478    694.752502     1030
       1     118.697342     85.947929     88.386574   -665.455688   -309.708954    560.824280     1045
       1     119.336983     72.800659     77.884132      8.370512    707.308228    138.113449     1046
       1     119.642494     83.993202     87.842247   -393.414062   1196.983154    389.228790     1065
       1     119.705086     95.242836     91.987770    301.338440    594.306335   -209.262802     1072
       1     118.208511    103.293938     91.449745      8.370512   -560.824280   -715.678772     1075
       1     117.758705     88.089752     72.943115      0.000000    263.671112    527.342224     1079
       1     119.234566     97.996948     75.087914     79.519859     37.667305    585.935852     1119
       1     118.659355     95.751343     89.552452   -108.816658    276.226898    138.113449     1123
       1     119.596153     94.947502     91.872543    435.266632    493.860199   -167.410233     1130
       1     118.482567     97.899460     60.845356    -29.296791    -41.852558    209.262802     1140
       1     119.276566     93.553917     72.717812     33.482048    292.967926    493.860199     1166
       1     115.978249     95.080009     99.100243     87.890373    389.228790    778.457581     3168
