22
       1     118.654663     96.829346     75.035736    -66.964096   -179.966003    259.485870        4
       1     118.892891     86.177582     88.151085   -125.557678    439.451874    121.372421       14
       1     117.235443     96.248528     89.197044   -334.820465  -1067.240234     -4.185256       17
       1     118.030243     94.849785     90.113823    866.347961   -849.606934   -305.523682       18
       1     118.721825     73.602325     88.808800    -12.555768    837.051208      4.185256       20
       1     118.724915     97.776451     75.142151    544.083252    150.669220   -171.595490       52
       1     113.428726    118.992218    102.241112   -318.079437    -16.741024   -230.189072       65
       1     118.516090     96.197609     89.378181    640.344177   -309.708954    447.822388       66
       1     117.660530     86.331604     63.623611    397.599304    297.153168    213.448059       68
       1     119.967926     95.797806     89.403473   -142.298706   -100.446144   -401.784576       97
       1     119.228165     98.692886     60.815147    -29.296791   -175.780746    246.930099      101
       1     118.459908     96.112129     88.854683    -12.555768   1573.656250  -1255.576782      125
       1     116.636650     67.135559    104.898758     41.852558    531.527527    175.780746      129
       1     117.326752     79.788628    116.069099    -29.296791    627.788391    -50.223072      130
       1     111.288628    117.286018    104.525269   -468.748657    351.561493   -267.856384      144
       1     117.320457     95.150612     90.682632     -4.185256  -1686.658203    288.782654      163
       1     118.254860     97.040237     88.986046    631.973633  -1226.280029   -138.113449      167
       1     119.194061     97.717636     75.078415    707.308228    389.228790    778.457581      168
       1     118.449493     67.621643    107.003387      4.185256    527.342224    125.557678      194
       1     115.423279    110.989861     94.031189   -246.930099   -280.412140   -422.710846      252
       1     118.893463     97.255699     80.608719    548.268555    234.374329    527.342224      262
